7.70268134721538433e-02 -4.27015635442841435e-01 -1.57429069226758123e+00
0.00000000000000000e+00 0.00000000000000000e+00 0.00000000000000000e+00
1.25707858989706422e+00 -8.88889201832791631e-01 -5.44330848247772225e-01
1.25707884976386408e+00 8.88888575944917325e-01 -5.44331270181720783e-01
4.71404329309338010e-01 -1.33333320845533376e+00 8.16496895404560163e-01
6.83682193238077727e-09 3.87571078993497029e-07 1.63299316185540633e+00
-1.20470054688093553e+00 -7.40740370857994046e-01 8.16496761777170121e-01
1.41421356579149116e+00 -1.29372352279601928e-08 8.16496575006890657e-01
4.71404719109537462e-01 1.33333345821122951e+00 8.16496262503637604e-01
-1.09994374849391852e+00 8.88889243458774625e-01 8.16496374565805372e-01
-4.19026026426409293e-01 1.48148141354225693e+00 -5.44331403809110936e-01
-1.53642953708672447e+00 9.87655274961078827e-02 -5.44331070960089036e-01
-5.21026266690325368e-01 -1.47368424655686425e+00 -4.72708194910492596e-01
7.70268134721538433e-02 -4.27015635442841435e-01 -1.57429069226758123e+00
7.70268134721539544e-02 -4.27015635442841435e-01 -1.57429069226758123e+00
7.70268134721539544e-02 -4.27015635442841435e-01 -1.57429069226758123e+00
7.70268134721538433e-02 -4.27015635442841268e-01 -1.57429069226758123e+00
