-3.28306293826898632e-01 -2.83708690102258132e-01 -1.57429064129238161e+00
0.00000000000000000e+00 0.00000000000000000e+00 0.00000000000000000e+00
1.25707842842904882e+00 -8.88889086290420183e-01 -5.44331409822001233e-01
1.25707861946525590e+00 8.88888691487336957e-01 -5.44331613353408184e-01
4.71404674757106068e-01 -1.33333329051172567e+00 8.16496561962749889e-01
5.94486527544701186e-07 1.86955472205252402e-07 1.63299316185533439e+00
-1.20470022437659519e+00 -7.40740517808405441e-01 8.16497104300183074e-01
1.41421385961625790e+00 -5.84906960464528219e-08 8.16496066087249561e-01
4.71404961311417403e-01 1.33333337615490977e+00 8.16496256665639408e-01
-1.09994348908429473e+00 8.88889100564284051e-01 8.16496879593399782e-01
-4.19026279668445634e-01 1.48148146419065663e+00 -5.44331071015974888e-01
-1.53642973679378780e+00 9.87655348817800260e-02 -5.44330505926278962e-01
-5.21026379742480561e-01 -1.47368420865661798e+00 -4.72708188457987177e-01
-3.28306293826898632e-01 -2.83708690102257910e-01 -1.57429064129238161e+00
-3.28306293826898632e-01 -2.83708690102257910e-01 -1.57429064129238161e+00
-3.28306293826898632e-01 -2.83708690102258076e-01 -1.57429064129238161e+00
-3.28306293826898632e-01 -2.83708690102258076e-01 -1.57429064129238161e+00
